307.05
137.13
309.35
142.48
313.19
133.30
311.71
188.61
178.89
211.10
154.48
120.44
171.21
286.82
176.80
299.36
290.06
223.30
289.22
276.94
248.10
122.90
174.29
169.21
295.02
189.36
186.79
184.70
165.43
281.73
221.72
232.97
228.47
170.00
181.31
187.68
246.14
128.20
275.73
241.84
126.86
185.95
191.37
230.83
113.61
127.06
301.02
167.25
232.16
208.33
279.64
252.70
155.22
285.38
248.26
255.17
293.68
223.11
118.85
292.23
118.15
187.27
196.68
166.14
291.64
238.17
216.66
285.37
303.15
298.90
206.33
224.81
121.62
307.24
184.83
268.46
133.45
245.45
236.93
169.55
190.66
182.02
181.35
137.25
229.08
294.34
166.36
200.77
166.40
202.73
181.78
208.34
265.67
160.82
231.22
231.94
257.52
198.13
238.85
235.38
787.82
1482.09
871.87
1611.27
1171.03
690.47
1303.31
1362.96
816.00
1266.23
792.83
1518.34
1321.38
1409.60
1364.84
1439.41
765.19
784.43
1156.38
807.61
1555.68
1485.15
919.17
1123.08
827.12
1530.71
718.96
812.15
683.84
718.31
1386.98
981.79
1002.77
775.99
1266.18
661.97
1053.34
1266.50
1407.20
881.47
793.41
1020.26
1097.01
676.80
1005.59
1267.41
1620.05
1500.27
820.81
1363.59
791.80
1471.65
1040.38
1357.65
1249.37
966.84
1156.67
1124.62
686.28
783.56
1210.25
551.46
1082.24
926.99
1391.16
1243.97
696.79
736.98
1547.02
387.87
628.27
888.19
866.37
1104.10
1203.95
1251.70
1451.37
784.19
635.59
840.05
1399.91
1179.26
995.82
1573.07
1027.84
984.11
854.23
823.72
925.48
1358.76
1541.05
1179.63
942.38
621.11
545.34
1098.80
974.81
542.51
558.16
906.77
1764.23
1515.88
1618.73
1100.56
1590.47
2005.31
1226.72
967.95
1091.14
1667.98
1590.75
1415.05
1544.47
1177.85
1794.74
1756.04
1638.27
1295.01
1587.36
1526.96
1004.18
1433.95
1821.90
1766.36
1671.41
1319.46
1349.78
1632.79
1172.77
1800.53
697.62
1569.70
1187.42
1639.94
1021.26
1820.00
1121.72
1673.85
1663.13
1584.51
1219.35
1550.52
887.18
1598.04
1553.38
1722.18
1725.93
1995.98
1868.46
1757.97
1310.53
1170.33
1709.14
1541.34
1729.62
1149.27
1532.15
915.52
1535.07
1286.09
1550.54
1629.88
1915.56
1261.45
1683.75
1667.24
1702.69
1270.67
1501.17
2019.80
1647.84
1879.10
1520.06
1056.92
864.18
1108.92
1965.98
1344.92
1526.76
1026.38
1965.65
1171.13
1486.34
2144.12
1721.74
1698.45
1859.42
1211.97
1849.41
1118.55
1735.35
1828.95
1938.24
2174.07
1118.81
1670.52
1134.85
2057.96
1846.89
1723.25
1279.24
910.45
1354.24
875.66
1303.84
735.72
984.23
1407.83
1310.64
1415.97
1114.70
1223.44
1092.29
1189.99
1150.54
761.01
1023.06
770.96
1084.14
1033.28
1339.72
742.16
848.55
1324.57
1406.11
1129.39
1203.33
1469.17
1086.37
994.85
539.66
655.55
759.29
1569.95
1271.47
799.28
807.26
598.32
962.37
1057.85
613.66
727.49
1247.10
1267.64
813.19
1056.88
1275.94
599.48
1021.82
1112.65
1502.67
1076.58
769.63
1107.75
743.09
737.62
1308.74
1372.82
686.28
692.61
784.04
1077.52
1613.34
1323.95
570.22
1516.83
1333.27
988.54
698.88
1149.39
994.61
1050.79
1382.43
1249.77
1315.41
1060.80
1338.57
710.87
811.72
1204.07
773.87
995.51
1335.85
691.56
1229.98
927.39
1562.67
518.05
934.48
1238.41
786.89
976.16
887.20
1294.55
1566.93
1088.53
1293.50
954.88
1086.94
1495.68
1137.27
807.49
1030.75
1198.62
908.96
681.89
1088.32
904.29
492.13
1287.71
789.28
1086.22
882.10
838.15
891.93
654.43
1318.51
490.77
1339.11
438.38
1044.08
670.16
740.07
805.39
814.01
859.28
1248.73
872.98
434.73
1362.26
477.91
799.63
1128.10
1053.45
729.29
1497.45
709.29
966.23
739.57
1012.72
952.44
1004.54
724.43
797.39
592.86
1177.41
526.01
967.92
1287.44
681.67
436.05
469.00
553.11
829.82
1140.43
764.66
958.50
854.94
652.26
829.36
999.35
959.34
915.58
864.70
1292.67
704.98
1045.19
1112.20
1171.75
514.19
743.87
974.71
1128.35
1030.51
881.22
1058.27
1084.57
1224.69
1093.89
628.05
738.15
832.54
475.59
541.60
985.82
801.02
1286.37
986.53
733.97
1294.29
679.85
530.13
670.12
886.09
625.12
518.06
1070.81
920.97
1015.17
888.91
1015.91
967.11
710.11
427.92
1035.37
425.17
1044.82
686.87
965.45
602.63
915.50
699.00
728.16
631.85
472.73
923.07
787.61
1233.73
932.16
665.58
1119.47
962.63
1199.62
631.34
764.31
635.71
675.29
858.14
1099.61
579.72
745.08
987.99
880.56
757.83
490.66
863.19
1272.82
532.79
1117.44
673.13
906.77
1019.58
882.34
342.86
661.99
618.39
1148.76
1168.93
621.08
1020.33
1334.55
1038.93
1166.94
1366.77
1094.19
530.66
782.88
837.68
1110.36
1243.94
905.15
1301.84
1051.47
746.17
1299.02
789.75
781.11
668.16
1045.56
1317.96
689.71
606.13
908.90
1454.08
1145.88
790.82
1399.20
776.15
1233.41
622.29
718.03
1035.38
682.32
649.42
897.39
1387.09
1309.70
1059.47
994.67
1252.41
1482.70
1047.86
1142.01
1500.84
825.94
1267.24
1310.49
1235.42
874.80
1178.56
1356.90
814.13
1534.45
1275.44
645.77
1273.43
886.68
581.86
830.49
1408.10
931.50
1152.39
1050.30
1471.31
1289.14
900.63
978.74
1219.87
1285.49
706.36
1461.13
488.47
1271.35
554.05
942.57
1197.62
1317.52
789.87
1437.98
933.98
881.18
779.48
817.20
1314.31
1013.35
742.94
1440.08
1293.19
756.15
1461.39
522.99
1074.65
794.64
1095.50
1115.77
1038.38
692.86
1244.90
1373.85
822.26
1628.30
1719.04
1917.81
1653.40
1996.48
2091.91
1786.00
2087.51
1682.61
1683.31
1974.81
1944.73
1922.93
1744.32
1710.53
1970.62
1988.04
1794.12
1897.62
1687.91
2027.88
1872.38
1637.54
1683.05
1752.68
2027.22
1712.39
1786.94
1855.64
1838.20
2079.35
1755.85
1964.51
2078.44
1742.00
1722.82
1813.21
2003.38
1853.07
1833.00
1773.72
1981.99
2024.02
1736.48
1831.46
2153.44
1630.32
1724.90
2000.28
1865.81
1847.53
2010.60
1695.47
1919.30
2036.69
1748.30
1997.76
1690.51
1811.66
1665.97
2037.85
1666.30
1704.23
1981.93
1687.28
1760.11
2011.78
1924.28
2146.02
1818.84
1916.25
1726.43
1971.32
1736.60
1760.31
1812.98
1821.40
1779.75
2015.95
1804.39
2045.29
1576.56
1838.76
1827.44
1611.85
1633.10
2097.21
1626.30
1774.75
1750.57
1846.79
1866.15
1972.36
1900.35
1871.66
1892.70
2114.99
1657.53
1733.22
2026.32
1433.23
1230.51
869.64
1768.11
1467.75
729.65
1234.59
1321.88
695.13
1343.06
2072.21
1594.23
1854.08
1565.32
1473.34
2087.02
1870.37
1833.33
1787.86
1564.10
1408.68
2062.69
1875.34
2024.99
1557.04
1394.83
1419.54
895.86
1772.92
1430.76
1832.57
1409.80
1746.65
1096.65
1490.18
2237.20
691.36
1728.77
1612.73
404.24
2145.93
1721.37
1288.00
677.19
1263.62
1949.55
1827.20
750.82
1699.07
1499.98
1563.98
1275.85
1349.41
1991.97
1665.11
1154.35
1386.28
1778.11
1289.28
1958.87
1331.17
1151.52
715.02
212.62
1293.44
1336.70
1294.71
1998.72
1457.09
875.99
1544.39
1488.19
1324.47
453.59
1375.77
1414.30
1430.88
1580.35
811.74
1579.37
1147.81
1040.81
1486.40
1649.13
690.98
1659.33
1333.31
1720.89
944.90
1775.35
1986.96
1074.44
1418.27
1489.93
1555.95
1557.12
1753.12
1153.46
951.23
1084.53
1562.97
1839.43
1598.15
1779.92
1719.39
1807.99
1642.45
1608.44
1423.01
1684.41
1372.97
1108.47
988.47
1389.61
1672.20
1344.06
1559.09
1335.28
1423.01
1896.52
880.42
1556.89
1678.94
1161.55
1224.40
1901.93
1058.12
1562.15
1366.71
2037.65
608.81
1281.22
1408.28
1115.02
738.66
1489.44
1182.35
1287.85
1731.84
1245.31
893.21
1463.19
761.71
2038.58
1051.75
1926.10
2050.23
1088.79
924.71
1723.44
1503.31
1569.39
1837.17
1918.51
1394.60
591.40
1629.17
841.72
1251.20
1869.87
1742.14
734.76
731.47
1354.41
1590.98
1283.78
903.66
1690.75
1438.72
1883.69
1768.92
1946.06
993.45
1869.59
1220.08
1302.02
1893.70
1869.12
1654.59
1806.35
1120.82
1799.81
1941.66
1674.05
1607.75
1535.89
553.89
948.04
866.33
1502.91
1848.65
1771.04
1391.28
1285.99
966.63
1414.62
1905.82
1716.78
1354.46
1877.94
1614.57
1405.93
1736.73
1473.15
1007.44
1727.30
1401.87
1603.38
1555.25
1847.23
1354.90
1612.88
1700.69
1454.17
1771.87
2050.77
1646.18
1861.90
1633.30
1187.93
1003.78
2259.60
1664.69
2125.90
1383.19
1602.64
1100.74
657.04
1481.94
1658.48
1259.05
1236.37
1349.04
1966.58
1933.64
1605.02
1741.75
2094.88
1897.11
1628.13
1518.42
1400.39
1634.31
1358.72
2239.17
1636.74
1229.70
1864.90
1691.37
1687.43
700.99
810.37
1808.88
1648.45
1771.30
2126.46
1341.29
1954.78
1670.48
2024.83
1185.31
1812.42
811.07
1769.34
1552.61
1645.46
1186.96
1603.73
1041.45
2063.12
1608.92
877.54
1489.92
1966.58
723.76
1317.05
1837.58
2031.10
1611.47
1312.90
925.88
1100.73
909.31
1508.13
1465.07
903.74
1547.04
946.32
1188.48
1772.23
1381.63
939.93
1785.42
1271.79
1084.44
1525.10
602.25
1406.76
1136.96
1525.69
818.38
1430.02
976.68
1967.05
1713.04
1490.63
1707.89
1515.22
1046.87
1904.31
1707.74
1142.83
1008.26
1497.66
1701.94
1135.47
1869.59
1745.27
1718.76
1656.59
1488.77
1732.63
943.76
1417.21
1353.02
1468.27
1148.27
1443.00
1859.97
987.04
1570.87
1220.93
1590.97
1690.38
1294.03
726.89
1223.51
2004.68
1667.90
1011.39
1997.15
1271.68
1059.59
1529.65
1448.31
1454.35
438.39
991.24
1932.79
1739.29
1063.93
1019.97
2013.57
1126.00
1562.58
1707.02
1690.88
1402.92
992.31
1910.07
1675.74
1788.48
1837.64
1544.06
1401.90
1693.35
1772.61
816.58
1719.68
1527.12
1481.89
1420.50
1868.95
889.80
1655.19
1437.88
1768.69
1876.37
1609.60
1704.82
1421.52
2011.02
1810.24
1134.88
984.27
1373.21
1173.95
1526.19
1973.39
1885.65
1492.28
1207.45
1128.35
1062.48
1477.97
1272.89
1638.50
1634.08
1788.74
1305.25
1628.27
1535.78
347.16
1964.51
1481.99
1584.92
1672.24
1786.52
1983.96
888.14
699.40
1324.74
784.72
1833.50
1694.43
1891.72
510.96
1613.55
1734.21
1533.94
1609.92
1378.44
1324.69
1889.48
1124.35
1718.00
1626.57
1628.21
1950.00
1753.86
622.17
1633.37
697.39
1807.98
1780.96
1866.86
864.25
1495.60
1342.36
1085.13
1712.05
913.81
1709.98
1695.36
1750.42
1919.72
1883.78
1433.09
1281.28
1084.26
1677.74
1303.19
1521.11
1376.23
847.05
1069.14
1447.08
932.71
2019.65
1243.38
1975.84
632.76
1797.36
1498.12
1702.16
1737.51
525.82
899.57
1718.91
640.85
1215.99
1582.42
1428.20
1720.42
1317.52
1705.24
1296.52
1671.22
739.01
1724.12
1506.22
1282.05
1617.96
1515.48
1638.06
576.24
998.65
732.00
1627.84
1544.66
993.39
1363.41
865.53
1091.34
1250.96
1647.64
1892.25
1920.32
1725.19
1515.73
2114.85
1823.53
1088.04
1414.80
861.63
1176.80
1553.37
1242.01
1581.23
1787.36
1528.06
592.37
1636.70
1212.54
1496.75
1674.11
2184.28
1187.17
1555.69
865.43
1591.62
1325.76
1025.49
1655.37
1287.67
1646.69
1680.79
973.85
1225.55
1528.40
806.58
1673.29
1500.04
922.24
1655.80
1314.22
1971.19
1397.95
447.65
1149.69
1555.63
1972.78
1685.84
1692.11
1404.06
1573.79
1514.85
1602.29
1431.37
1528.96
2033.20
1479.53
1766.44
1305.55
1770.00
1933.55
1958.98
1796.70
1308.20
977.09
1014.98
1386.37
1501.28
1014.14
1918.38
1444.07
856.59
1513.42
1673.62
1414.93
1193.78
892.90
1403.81
1162.58
715.56
1423.21
1112.46
1403.40
1345.77
1380.20
1688.30
1182.45
1365.50
1341.44
1194.40
1488.98
1863.84
694.67
1663.56
1276.35
667.82
1272.23
1054.24
1374.60
1065.95
1746.47
1313.55
1476.46
1185.12
1521.01
1104.26
1532.79
1233.58
1525.40
1921.49
2026.69
1639.49
1210.28
644.90
1541.76
1362.08
1538.77
1289.38
1611.68
1808.51
1557.33
1290.12
1473.71
1066.74
2168.04
1837.72
1818.29
1257.84
1476.25
1620.03
1677.81
1427.82
849.38
1683.96
1345.32
1896.95
1447.12
1041.76
1603.92
1759.15
1370.01
2155.20
1397.93
1658.99
693.08
1369.71
2214.09
1513.48
1639.39
1979.93
1580.61
1459.73
1809.61
1470.36
1633.31
1454.66
1808.65
1612.01
1894.79
898.37
703.13
1700.14
1474.99
1356.32
392.00
1485.28
941.25
961.99
2049.62
1069.96
1572.82
1529.73
1810.85
1348.22
1759.63
1501.21
1092.05
1523.02
1838.06
1393.42
1653.75
1671.40
1267.26
875.01
1525.01
1758.38
1266.19
1557.94
1757.78
1512.46
1212.92
1743.40
1466.07
1597.50
1971.88
1055.47
1798.17
1444.98
1976.01
839.06
1851.95
1452.61
2218.59
1384.13
1103.15
2083.59
1913.56
1463.18
932.61
1413.61
1987.69
1541.90
1741.92
1432.38
502.86
1546.31
1124.02
1170.70
1258.10
2085.62
1246.58
1407.18
1527.47
1248.24
760.83
1486.30
1324.46
1601.95
1632.01
1174.86
1124.53
1556.85
1418.72
1746.95
1600.71
2073.30
1387.46
1386.60
1036.34
1633.95
1598.44
1647.88
1594.52
1643.27
611.28
1632.93
1006.11
942.14
1417.23
1730.73
1699.48
1755.62
1266.26
1755.55
752.29
1661.65
1820.36
1107.78
2060.34
1312.24
1753.54
631.49
648.95
1630.94
1161.32
1860.55
1164.72
1905.58
1620.78
1379.24
1765.67
1280.68
1046.78
1883.07
1703.16
639.87
1302.14
714.84
1150.50
919.64
1331.95
1504.57
1508.58
1589.83
746.69
898.75
705.56
1457.75
986.97
1605.18
1118.36
1946.31
1564.86
270.57
1728.57
1279.12
745.76
1226.41
1464.61
1069.86
1679.72
1847.99
1727.49
913.00
458.92
1412.27
1277.52
1453.62
1501.08
1348.51
1703.41
350.85
477.28
1629.68
1692.24
596.92
841.33
1130.15
1632.39
1455.86
1408.69
1819.85
486.88
1441.55
789.09
1464.12
1632.76
2025.57
1684.25
1671.28
2079.12
1461.51
2142.30
1347.80
1556.04
974.19
1382.97
1481.54
952.30
1614.69
1618.69
1629.96
1729.36
1541.28
1702.47
1477.79
1088.58
1279.37
1169.25
1013.64
1633.92
1669.81
1405.81
1498.24
2020.98
1724.30
1852.61
480.79
1108.93
1171.63
2009.36
1509.25
947.39
1556.76
1053.76
2107.04
1723.63
1931.81
1696.30
1544.10
1134.35
2199.84
1626.89
551.16
1230.81
1017.97
1395.88
1584.89
1371.12
1347.71
1775.82
1442.08
1866.02
1611.76
1044.79
1379.90
1646.15
929.45
1457.32
1579.53
1183.61
600.89
843.50
1258.11
1245.77
1633.39
1103.57
1649.49
1858.30
818.26
1503.25
1343.51
1486.57
1219.95
1295.78
1700.60
1444.96
1731.06
1915.54
1861.14
1425.27
1234.36
1296.26
1599.23
1362.18
1550.96
1641.22
786.95
1797.02
1953.05
1795.44
1538.48
1285.35
1441.24
1120.20
1141.69
1658.78
763.44
316.74
1066.35
597.38
1164.43
1030.40
1018.89
804.96
853.15
1500.80
1441.10
626.58
1341.87
1519.94
954.19
1587.21
1803.92
1354.63
1735.39
424.92
1376.29
1406.24
997.46
1219.60
1368.29
1381.28
1879.05
1683.88
1517.73
757.04
2099.59
1223.32
2000.34
1040.72
1473.46
1274.16
1651.59
703.72
1311.21
580.30
1468.53
1790.89
2028.54
709.81
1739.07
853.52
1251.02
1193.26
1142.51
1727.17
1490.40
1400.30
1710.05
1026.31
637.55
1134.17
1985.18
1605.94
1136.70
1882.46
1864.00
1629.90
999.52
1489.24
1542.82
887.99
1718.83
1270.87
1484.06
1367.54
1406.36
1480.93
1591.30
1403.03
1621.99
1755.97
1633.90
1506.66
1210.23
1497.91
1721.51
1023.22
1586.63
1123.94
1021.67
1675.86
1605.45
2098.39
1194.97
1149.37
1328.41
1148.12
1686.69
1391.48
2055.38
560.32
1472.26
1449.00
1430.63
1380.97
1861.86
1918.54
1566.13
1271.85
1299.52
2002.24
1661.28
616.11
2006.20
703.93
927.63
1716.11
1081.01
1407.29
669.43
1604.13
1595.45
1905.50
2245.71
1332.76
1519.88
1537.26
1817.64
1755.08
1330.06
878.10
869.75
1532.35
936.90
1978.26
1536.85
1339.95
2101.37
1730.17
1549.15
1524.55
1018.73
1778.12
1536.06
1727.14
598.40
1061.62
950.76
1448.16
1876.14
1743.54
1507.89
1930.24
1479.77
1297.72
1395.18
1511.80
1578.28
1839.84
1017.37
1236.94
943.82
1684.54
1679.36
1810.81
745.45
1247.78
1014.74
1206.64
1271.46
1294.92
423.15
1433.18
1343.31
1472.55
1110.48
853.88
1345.69
1810.52
653.49
798.85
1656.98
1616.79
1344.00
1918.11
1578.66
1765.40
1489.04
1636.80
1533.92
1364.26
1695.37
1612.47
1184.32
809.26
1108.04
1187.62
1322.04
560.00
1605.93
1819.04
1716.76
1429.83
1366.85
1041.57
1615.32
2178.12
1471.60
1191.05
1958.14
1124.95
1192.73
1457.49
1756.73
920.09
1194.00
1873.74
1598.70
1792.47
1627.34
1513.74
1715.58
1441.43
1909.19
1710.32
1709.87
1698.56
1420.16
1763.49
1500.66
1385.32
1385.88
1507.86
1520.59
1504.57
1103.51
718.66
1571.24
1670.15
1184.78
1106.54
1069.87
1378.08
1349.86
668.52
613.69
1660.90
1660.13
1576.68
1494.89
2186.75
1843.51
1883.34
1268.35
1497.74
996.51
1269.50
1196.43
1695.83
797.89
1462.74
1022.31
1771.85
1745.95
1419.45
1583.14
1157.12
1403.68
1817.62
643.78
1274.74
1373.54
1550.15
1554.71
1610.59
756.38
1416.61
1555.38
182.64
669.23
1699.40
1465.16
1058.72
1155.55
1752.06
755.26
701.78
1555.70
1740.53
1587.29
1969.97
1932.48
1486.77
1582.20
1265.67
1678.25
1698.35
1611.07
1422.72
1972.15
709.06
1799.60
1208.42
1569.56
1415.76
792.31
1329.77
1580.12
1454.68
831.62
1354.89
1835.59
1518.62
970.84
1393.15
1388.49
1514.24
1725.29
1918.31
561.41
269.29
897.87
1695.77
1784.74
1778.61
1626.84
1372.45
1805.02
1800.81
1757.10
803.85
1829.93
1791.76
1523.71
1749.77
1750.53
1273.83
1841.22
1277.57
1214.39
1318.11
999.89
1545.23
1640.37
1725.29
1149.95
1539.53
444.95
2119.45
1336.77
1499.16
499.15
775.44
1719.76
1521.95
1727.53
1022.58
1790.05
1366.44
893.17
1844.01
1395.02
993.86
847.56
1162.72
1960.90
2093.17
1334.28
698.79
1061.70
1079.54
1099.29
1808.49
1094.31
1357.46
1451.84
1465.24
1454.66
1750.98
977.61
1325.76
1911.41
1570.48
533.45
1863.67
1537.40
1967.15
1772.82
924.78
962.25
662.33
1835.25
1852.66
904.71
1229.26
1801.88
540.32
1038.53
787.29
1612.14
1606.93
1923.64
1064.15
1201.23
1312.67
1506.78
1827.88
870.51
2047.23
1300.42
1545.41
621.19
1674.75
1603.45
1917.12
1786.97
883.69
1570.97
961.94
1830.20
1494.67
1540.36
1653.53
709.59
1203.45
984.97
945.49
1332.40
1361.30
1742.69
1355.80
1429.50
1533.84
1383.36
1365.19
1519.58
1866.17
1175.69
1693.60
1706.37
1801.90
1543.15
1026.34
1572.98
1828.88
1967.12
883.17
1519.68
1667.71
1710.21
1661.45
1466.81
1639.98
1629.99
1587.17
1532.70
1849.38
1111.63
1528.05
953.13
1878.93
1912.50
516.55
1790.76
1837.11
1853.72
1458.21
1299.18
729.19
1129.02
1676.57
1202.42
1826.04
1165.59
844.11
1491.50
1504.39
1407.77
1579.73
1124.37
355.98
1049.77
1683.31
1914.44
1511.44
1644.68
1921.89
1159.25
1461.21
1804.27
1937.28
1433.29
1611.76
1408.11
1579.74
1164.56
1538.17
1487.82
1140.39
985.83
631.00
1736.93
1180.56
1632.68
990.17
1183.59
1502.90
1732.23
1054.60
1427.78
1689.32
815.98
1816.87
1077.26
784.02
1799.40
964.62
1596.15
2028.35
1011.53
1829.95
1926.52
1987.02
872.08
565.40
906.71
1487.21
1858.04
803.13
1732.65
1952.50
1171.26
1752.15
895.62
755.97
1748.22
720.61
232.51
1226.76
1839.71
1679.43
1662.15
1996.30
1558.59
1823.77
1684.22
1443.10
1327.18
1657.61
1082.49
1435.05
1837.52
1804.45
1322.93
1594.66
1189.15
1630.24
1581.15
1332.58
1297.80
1101.34
1953.57
1045.08
1777.24
2019.33
751.92
1986.85
222.50
1763.68
1260.35
1627.31
1888.91
1046.43
1660.80
2030.32
1410.79
1576.10
730.90
1544.37
1689.48
1539.64
1297.84
1869.67
1016.72
1800.19
1600.70
1104.82
291.14
1856.86
492.49
305.09
1343.71
1033.39
1761.05
1625.03
1617.92
1917.88
1605.47
1556.74
1615.02
1218.09
1017.41
1669.59
1169.69
1598.30
1221.77
1396.05
1735.19
1703.58
1605.83
774.34
1396.26
1315.57
1684.13
1064.45
700.70
1252.96
1029.00
1337.39
1150.41
1895.35
1424.61
1786.89
908.38
1955.77
747.75
2183.40
2025.20
1545.67
1115.25
1471.80
821.84
1928.54
1306.27
924.57
1738.79
823.48
921.36
630.90
839.13
402.41
1804.97
1760.90
1620.86
1484.88
1126.95
709.24
1487.49
1688.81
1081.70
589.01
1387.32
1542.03
498.36
1356.05
819.82
874.92
1158.52
1838.98
983.89
683.80
1321.33
1823.92
1448.18
2051.50
1797.03
1262.95
1654.80
1825.23
1246.76
938.21
1076.23
1673.36
1300.10
1533.86
982.42
1669.93
1800.52
1810.17
1087.49
1724.53
1819.44
1358.02
1823.20
1317.05
1015.35
1970.56
1416.82
1251.34
1702.52
1895.54
1333.92
627.18
1376.40
857.28
834.99
328.19
1530.97
1705.77
1704.38
1194.15
1402.61
1666.73
1694.34
1525.15
1115.92
1428.29
736.53
1748.99
1839.99
1164.21
1576.09
1296.64
1770.59
1830.13
1533.55
779.34
880.68
1580.68
1898.52
1482.55
1120.75
1356.24
1272.17
1048.58
1831.92
1523.36
1794.67
1542.77
871.71
1851.12
1350.07
1665.75
1105.67
1653.04
1034.93
1136.25
1450.12
1552.01
1519.76
1621.96
1755.35
1125.50
932.17
1028.18
1837.43
1722.44
1690.61
1342.65
1117.31
1454.92
829.68
1807.81
1063.63
2054.51
998.77
1421.91
753.17
1530.32
1097.12
909.62
321.00
1728.90
1743.46
724.37
1141.51
2283.24
1633.85
1194.63
2037.43
1608.82
1619.80
1550.82
1416.01
2252.52
1181.12
601.91
2088.17
1495.64
1738.74
1707.18
2401.59
1624.65
1591.57
1588.95
1370.75
1105.81
1287.66
1215.78
1542.46
1356.47
2160.94
1659.33
1606.59
1599.46
1737.21
1219.16
1884.18
1030.47
1333.85
1362.98
1605.69
2172.36
651.56
1299.60
1451.67
1867.32
1747.49
933.02
2057.89
1798.19
1612.55
1619.37
984.29
942.86
1942.67
522.98
1978.34
1953.07
1836.24
1817.06
1579.25
1698.97
1393.18
1781.35
435.90
1568.85
1143.39
1338.82
1764.13
1376.99
1180.71
1799.95
1616.47
1606.93
1479.49
1457.43
1482.33
1865.55
784.54
1294.87
1154.57
1113.44
608.98
764.99
844.42
1585.12
673.14
1469.89
891.13
1616.51
2070.01
2100.81
1630.69
1858.85
1618.85
1302.56
1941.51
1752.97
1228.17
669.88
1155.73
1546.27
1695.19
1802.51
1777.40
781.53
644.11
1846.01
1072.49
1697.65
899.53
1930.21
1152.81
1608.35
1200.93
1086.85
1351.09
1481.75
2138.25
1227.09
2065.81
1558.50
1407.50
1605.09
1595.53
1820.18
1526.32
1660.68
1190.85
2250.72
1125.60
737.50
1566.44
1275.12
1662.78
1034.11
1307.43
1319.22
1734.73
1801.97
1608.21
1329.17
1482.52
1537.70
506.54
1743.11
1378.48
1873.41
1944.37
754.91
672.35
1641.53
2062.32
1073.80
1922.52
676.44
1095.18
1347.31
835.94
2262.80
1507.51
1212.49
1953.00
1893.38
1673.00
914.08
894.61
1566.97
1700.73
1814.55
1466.43
1616.54
1823.87
1006.91
1854.13
1721.38
1498.61
1761.71
505.64
1665.18
1305.58
1688.39
516.22
727.78
1949.50
1715.12
1383.26
865.02
1545.75
1777.05
1649.62
1301.25
1670.12
1578.26
1239.56
1672.52
1723.73
1474.26
1071.50
1420.00
718.85
1882.52
1936.97
1483.75
2020.86
2222.37
1880.84
1568.81
1769.90
927.52
1098.61
1716.17
669.25
1472.25
1413.17
1780.69
1015.87
1747.17
1612.48
1789.04
1747.28
1514.24
1806.51
625.64
959.08
646.51
1349.43
932.12
1905.66
1857.28
2102.39
1514.65
1181.12
1153.67
408.66
1001.93
1579.58
1766.04
1529.29
990.82
970.36
1719.66
1393.65
1398.28
1149.78
941.74
1499.16
1348.94
1824.33
935.60
1282.90
446.15
867.91
1712.79
1457.71
2012.25
1319.27
1576.41
1413.77
1774.58
1803.22
1256.98
2025.81
1541.01
1731.87
1053.81
1555.42
1583.05
299.45
1922.85
1836.23
1250.64
1611.78
1069.34
1614.62
1252.17
1515.10
1473.73
1678.69
798.09
1741.64
1626.26
1632.21
899.65
1222.86
2039.73
558.06
1918.36
1986.97
1067.61
1299.30
1901.16
1612.05
985.51
1667.54
1125.98
1186.88
1379.07
1829.80
1116.32
1346.14
2076.09
1587.57
1188.75
1752.42
1720.58
1368.15
983.24
1486.35
1147.73
757.46
1277.38
1477.09
586.29
1662.63
473.49
1534.63
1430.59
1785.87
1624.96
1833.77
1368.84
1482.24
568.00
824.72
1425.46
1837.93
1136.18
1455.22
1898.29
1573.81
1327.33
1587.27
1202.64
1607.04
409.91
2166.34
1356.02
1002.80
739.24
705.38
2075.61
1361.98
1268.79
2133.89
1792.53
1299.29
1635.80
1592.91
907.65
1823.64
1688.86
1559.17
1655.06
1518.89
2070.67
1469.15
1675.52
1004.86
1088.52
1692.40
1656.60
1494.04
896.48
2042.58
1253.31
1463.51
1893.55
1588.75
1482.46
1212.91
1432.31
1272.35
1901.59
1234.28
1711.99
1717.49
1496.95
2090.62
1249.47
1259.59
1481.73
1497.05
1583.85
849.38
1119.27
1435.75
1444.06
1846.32
1677.90
1147.82
970.74
1209.90
1066.93
1858.90
1437.55
1277.36
1786.22
1483.35
1661.24
2192.83
2005.78
1535.59
1518.47
1650.04
1326.04
643.63
1782.91
2170.37
1688.66
1531.07
2179.87
1516.15
1856.57
1134.36
1101.05
1300.39
1715.56
1580.15
1860.77
1321.81
1698.61
1585.24
904.24
1951.35
1470.01
1990.45
2053.78
1267.50
718.73
1406.17
1897.62
1749.79
1756.07
1040.09
2215.61
1697.68
2111.84
1604.38
1852.78
2031.42
514.13
756.73
1626.06
1031.11
1479.44
1282.54
1816.53
1026.71
1132.44
1392.91
1160.46
1699.74
1517.89
1263.30
1167.56
1734.02
1582.90
1401.52
1051.85
1946.97
1701.69
1552.41
1457.41
1480.42
1561.08
1264.95
1251.07
504.92
966.88
1625.90
894.97
1469.90
1601.06
1597.00
1838.56
1821.11
1658.46
1519.69
1658.97
1396.65
2049.22
1526.78
1705.71
2044.69
1874.07
1487.38
1717.42
1442.51
1546.02
1743.24
1230.76
1139.68
2045.97
1741.08
1504.70
900.21
1648.99
1994.24
1572.97
1700.88
1617.66
1855.82
799.37
1687.44
569.89
1350.77
1710.12
818.56
1455.17
1590.57
1824.26
1968.94
1762.50
1136.91
1160.38
1420.71
2006.67
1721.60
1410.64
1658.80
1283.15
1068.85
1604.47
1223.62
1640.30
1125.77
1692.26
2018.40
1857.30
1996.93
1571.06
813.65
1888.29
1209.94
1571.80
1347.89
1695.54
1132.85
919.86
1223.57
1650.07
1452.10
1663.98
995.73
1730.38
1651.33
1556.16
2011.31
1764.16
454.65
1462.81
1125.46
1640.80
2024.92
923.26
1679.52
1964.47
1209.38
1415.31
1881.10
1811.32
1459.36
1641.24
444.55
906.45
1154.34
1467.89
1652.00
1410.10
1627.92
1418.56
1423.01
1737.04
597.75
1456.98
1798.84
1795.78
2036.39
1884.65
1497.63
1026.32
993.05
1565.32
952.07
1471.49
1605.89
1719.30
833.93
1761.28
2128.43
1003.15
1838.30
987.49
1189.19
1814.62
1303.17
1938.82
1752.44
1597.13
1143.43
1732.45
1106.30
1265.21
1640.74
1227.67
1668.72
1471.34
1040.32
889.32
1449.49
836.97
1808.05
1304.80
1368.41
1529.50
1329.74
781.70
1334.53
1574.76
911.11
692.12
807.96
384.79
1306.91
1769.71
669.26
1781.22
1646.42
1691.67
1681.62
1786.47
1983.44
836.44
1463.95
2140.57
1551.66
1738.37
1439.26
1505.80
1563.91
1424.79
1251.68
1191.07
1684.82
1678.08
1550.91
1122.75
1761.67
807.25
1012.55
1091.83
1664.73
1015.72
1328.95
990.55
892.19
1361.41
981.41
972.98
325.14
1495.14
1115.74
835.67
1871.74
986.98
1968.79
1307.68
1641.26
1839.49
1459.61
1039.82
1708.28
1659.67
1669.10
874.01
1209.87
1034.31
1667.24
685.29
1323.82
1500.93
1542.18
1861.72
1143.12
992.13
1710.65
1612.33
1965.61
1968.27
1609.24
1682.03
1655.82
848.36
1659.82
976.71
1846.59
987.56
342.61
788.98
1137.73
1702.76
1802.72
935.72
1440.05
1386.34
892.39
1459.56
1697.38
1547.28
1555.63
1979.14
720.89
1751.54
784.61
1836.96
1122.81
1261.89
1020.30
1955.17
1286.83
1253.23
2124.03
1702.56
1394.97
2051.79
1612.25
1534.66
2039.43
1756.36
1128.72
1712.64
1361.11
1631.77
1171.72
1728.12
1177.64
1785.55
1598.94
1887.19
1710.08
2264.08
2173.38
788.11
1506.85
1543.33
1445.44
593.57
934.71
1318.05
2157.19
1345.67
1461.50
1813.36
939.39
1741.40
1618.26
1597.56
643.96
952.95
1811.25
1630.67
853.57
1157.46
1955.48
1856.02
1870.86
1821.46
1313.73
711.96
2100.42
1424.87
1146.79
2088.83
1359.62
1789.01
1128.39
1747.69
1864.81
2042.35
1842.57
878.45
1534.21
1318.57
1763.60
1857.33
1355.82
1712.76
1408.75
1609.75
853.65
823.47
1131.23
1479.86
1823.10
977.72
1766.20
1300.87
1409.06
1456.55
1510.88
1370.09
1145.91
1754.88
2133.92
1173.21
891.73
1040.94
1524.75
2024.21
925.44
1705.34
1417.67
2226.94
1495.50
2065.95
878.79
1565.22
1322.31
1215.58
1461.94
1098.59
995.13
1678.28
1410.19
1789.41
1545.16
1606.71
1726.79
1445.24
1508.42
1356.94
2313.55
1513.78
1502.68
1143.25
1088.98
1962.46
1617.67
1417.30
691.25
1371.23
1802.72
1591.65
1743.13
1980.30
906.61
1561.33
1869.96
1539.06
1071.93
2144.85
754.17
1525.69
1796.73
1581.87
1264.38
689.62
1117.03
1803.82
942.71
1721.22
1730.94
1535.69
1650.23
1258.43
1930.66
1664.41
1482.81
1751.63
385.59
1176.33
1109.85
1528.02
1863.17
605.24
1374.02
1458.08
1519.06
1821.38
1262.71
1902.52
1817.13
1190.67
1595.17
2115.47
1477.05
1599.55
1296.08
1138.87
1873.86
1488.18
1277.13
1442.86
1841.81
1457.49
912.99
1451.11
1746.80
1041.57
1294.22
1734.14
1500.69
1432.49
877.14
841.45
1720.26
1642.07
1423.23
1298.29
1798.65
1478.56
1867.56
811.89
1407.82
844.76
1200.30
1447.46
980.79
817.07
1400.08
672.40
1675.12
1461.65
1345.92
1896.04
1383.99
1574.92
1370.33
1236.73
1392.54
1465.41
1536.85
1424.81
914.72
840.26
1060.57
511.15
2028.24
1747.98
1272.49
1412.78
353.09
1126.24
1396.22
1265.34
1307.30
2079.10
1234.31
1479.89
1316.43
1968.20
1719.24
1484.40
1769.65
1203.70
1875.62
1706.13
1432.12
1525.61
1797.22
663.88
1584.68
1386.33
1000.22
1966.97
1778.18
1811.76
1354.31
1501.23
899.49
892.43
1806.59
1414.07
1654.46
619.07
1348.00
1805.58
1030.18
1596.43
1759.05
1942.84
294.61
1452.13
2148.48
2157.40
979.48
1382.20
1453.40
1673.94
1782.43
2161.66
1443.19
1523.00
710.87
1525.39
1224.59
857.92
1444.76
257.75
1772.39
868.74
968.09
1632.04
1243.74
1891.86
1331.95
1960.44
1792.06
792.53
2019.24
1543.28
1894.60
641.23
741.50
1605.30
1640.74
1588.88
685.47
1669.12
2033.84
1088.35
1033.86
777.18
1794.04
1753.72
1938.83
2296.40
1638.63
1569.23
694.88
1138.06
1625.08
2013.19
1698.63
1617.91
844.27
1558.51
1410.85
1800.09
1356.92
1423.04
1618.39
1812.64
833.62
1880.19
1455.89
1586.74
1714.11
1298.27
1210.94
1456.42
1820.77
691.44
1061.84
1954.81
1500.29
740.86
1577.08
1478.83
1504.44
1825.00
1847.86
1667.20
900.56
1666.57
1412.89
1552.89
1032.28
1453.71
1155.99
1401.52
1262.96
1402.77
1910.28
1773.96
1007.66
1487.40
1441.18
1135.97
1339.19
1832.14
1710.31
1432.45
1599.26
1671.12
2207.48
1851.48
1848.68
1960.33
1214.00
1557.50
1648.21
1244.95
1719.71
1731.52
1822.27
1512.36
1680.96
1846.17
682.04
1480.60
819.51
1743.11
1722.96
1827.72
1507.19
772.84
1458.97
1457.20
1560.75
1410.64
1974.29
1690.11
1167.85
1686.06
760.33
1569.59
1124.90
1606.37
1148.09
1031.78
1687.66
1558.51
1324.15
593.09
1549.44
1405.97
1534.36
1800.46
1701.21
1341.12
1780.29
1772.27
1530.23
1572.43
1213.67
1252.82
1339.18
1999.68
898.12
1087.46
1647.20
672.68
1636.89
1428.11
1415.60
1356.26
1869.55
1515.22
1844.69
1767.61
1031.82
1690.80
1161.00
818.27
1423.33
846.39
1778.09
1785.76
1649.70
1318.76
1729.96
411.89
1749.25
1134.01
1343.63
1567.44
1031.52
970.63
1644.29
1045.40
1274.09
1702.23
854.55
1639.95
774.03
617.35
1484.89
1497.90
1276.29
1658.30
1592.34
1097.63
1908.87
1667.99
1567.06
1532.39
1335.34
1406.18
847.23
1911.37
1860.75
686.77
767.70
921.16
1643.93
1904.18
1066.88
2110.17
1404.82
1197.51
1862.21
1166.69
1824.36
995.52
1323.18
1576.89
890.92
1876.21
1429.64
1057.50
1787.75
1377.12
1091.91
1700.43
2175.53
1502.84
1448.57
1282.24
1025.26
1195.45
1563.11
1398.05
2188.90
1722.71
1365.33
1245.57
885.94
1718.70
1458.08
1195.34
1478.96
1912.79
2014.95
846.66
1833.70
1590.57
722.85
456.44
1582.77
1326.10
1387.34
1078.43
775.40
1578.32
1698.50
1287.13
1712.05
1646.40
1407.79
1006.49
1382.13
1005.70
1079.40
1575.94
1077.31
1091.25
703.78
1225.09
1719.70
1856.45
1620.49
2072.63
1361.31
1723.57
1556.31
1108.98
1236.71
1949.31
1123.67
1729.47
1609.35
2201.65
1519.90
1281.66
1430.31
2013.72
919.06
876.38
1446.26
1628.67
1002.85
1117.42
1164.35
1286.78
1604.10
1475.64
1398.53
1777.86
1409.40
1761.97
318.86
423.30
1822.61
1847.57
847.64
1720.85
975.34
1273.80
738.50
1512.57
1314.88
2002.86
801.29
1489.12
1425.10
685.75
1959.63
1300.91
531.30
1291.01
1701.24
1591.87
1211.73
2039.49
1401.76
536.56
1895.99
1867.88
1413.71
1738.79
1242.03
2381.19
1180.15
1678.20
1017.84
1338.75
971.12
1177.63
1630.58
1622.84
1226.26
1450.19
573.63
847.26
1724.88
1316.33
1895.26
2078.39
1516.45
838.07
1373.57
1080.63
954.98
1611.01
905.82
1520.61
1500.90
1339.38
1348.83
1724.83
908.32
889.26
1779.60
1402.61
1756.27
992.48
804.82
1954.99
1234.77
1403.82
1570.58
1668.00
1244.20
304.04
1799.74
1357.71
1655.13
1317.11
1454.45
1172.33
2307.87
1565.73
1822.65
1613.61
1884.92
847.12
2161.14
1500.18
1267.64
1796.58
1866.11
1557.11
1303.70
1679.86
1825.94
1037.96
1715.71
1375.05
987.21
878.46
1586.86
2248.30
1202.03
755.71
1516.79
747.11
1521.98
1451.30
1099.31
1432.73
1668.44
1377.65
1170.65
1836.42
1367.96
1121.13
1277.86
1536.65
1573.90
1497.98
1049.45
1195.71
1048.69
1983.97
1234.28
1572.32
1250.59
1972.60
1770.26
1221.25
1967.64
1318.35
1681.62
1402.91
1145.30
1494.82
1680.62
1368.44
755.39
1565.06
1389.80
945.24
1889.02
1266.71
1769.90
953.50
1546.42
1097.92
2047.71
1585.19
1793.51
1776.58
1584.21
1748.07
888.18
1567.24
764.92
1498.30
1083.61
1154.62
1136.49
1885.32
1985.10
1485.08
1094.41
924.83
1616.79
2254.97
1678.21
787.95
1111.06
990.35
1626.83
1411.81
1564.33
1579.28
1608.70
419.79
1442.67
1934.89
1340.75
1458.83
879.13
1856.16
1606.75
1249.95
691.15
2008.48
1087.34
1826.88
1590.97
1468.50
1768.33
1349.37
1534.11
1862.18
404.71
1343.78
453.92
1647.65
785.83
1024.55
1912.84
1668.26
875.94
1407.08
1588.93
2066.74
1906.99
438.85
1637.72
1012.53
1906.69
1339.73
2119.84
1661.09
1927.81
1437.34
1811.25
1369.15
1535.94
677.72
1894.48
1433.22
1127.30
1106.43
1579.83
1472.82
1588.28
268.86
1787.62
1625.54
1239.18
1081.56
650.70
1537.01
1278.43
1214.64
1267.59
1054.39
1547.91
1398.54
796.24
1576.85
1570.08
1341.52
1421.59
1350.91
1622.96
1862.14
1113.21
1161.05
920.58
1501.47
856.82
802.86
1289.09
993.90
1891.31
1520.69
984.51
1695.83
1086.14
1922.84
1247.93
1081.59
1315.80
707.95
1243.34
1313.31
1369.30
1881.50
1018.42
1372.49
1394.29
1732.02
738.95
1462.79
1701.06
1039.83
1826.22
1943.17
1049.69
1316.35
1184.84
1679.79
1904.65
1555.67
1370.56
604.03
1930.98
1369.79
1678.88
1309.48
948.62
1958.36
1447.00
1562.24
1149.32
1512.80
1555.71
1341.28
1283.05
1007.60
1348.89
1242.94
1450.86
1366.54
841.53
1493.21
1135.63
1457.97
1321.64
1667.12
1843.53
1569.91
1229.62
2081.18
1049.47
1748.84
1147.18
1807.71
1315.91
1361.40
1706.93
1479.58
1558.22
868.96
1113.36
1845.58
1719.58
1698.18
1460.42
1955.46
1803.89
1659.86
1648.92
1337.54
1412.19
1829.68
1807.62
1205.68
1444.53
1603.43
1277.35
706.65
1049.44
1806.97
1209.37
1674.04
1901.18
1814.38
1606.79
921.98
1392.71
1951.43
310.11
1266.96
1423.73
1556.77
1446.99
1090.04
1363.38
781.87
600.04
1353.27
1664.26
2022.93
1664.64
1829.46
1434.42
1713.65
1517.71
1751.39
944.82
1912.87
666.79
921.49
1176.52
1377.31
962.62
1534.22
1189.90
1384.23
1778.61
1799.95
1527.05
1402.35
1843.06
1257.25
1825.00
1740.45
1750.22
918.07
1196.05
1668.89
1342.70
1330.61
850.18
908.85
1387.05
1943.80
962.09
780.09
1263.86
1807.25
1411.55
1422.90
973.94
1784.36
1524.59
1670.81
1589.92
1417.19
1192.39
648.47
1472.45
898.40
744.42
1619.43
2052.76
1331.10
2021.51
1100.72
1411.99
1113.53
1018.98
1120.01
1195.71
1401.54
1550.86
1011.50
1585.68
1880.05
1373.86
1230.25
1601.24
1797.53
1839.42
1287.47
1044.10
1504.16
1558.92
1251.24
1255.55
1737.69
1276.30
560.73
1749.87
1819.89
771.73
1079.49
1238.88
917.20
1768.72
1504.34
1159.50
1314.68
1773.36
1633.19
1772.58
1672.26
1345.51
1410.99
1660.78
1820.26
1719.59
1647.34
1725.53
1506.93
1633.82
1176.12
1512.68
1201.90
1184.39
1736.90
1380.14
1161.61
1615.75
765.98
1622.72
1286.25
1130.17
1064.98
1770.85
1543.60
1632.45
1640.56
1436.82
1573.01
906.33
1457.48
1090.97
1401.91
1607.87
1022.97
1231.96
1518.39
932.15
1431.51
1064.49
1603.98
1773.71
1130.66
1247.86
691.88
1664.20
510.76
1186.70
891.95
1345.08
1752.24
1740.19
1940.83
1280.49
2174.14
861.26
953.40
2043.88
1499.41
1499.26
1352.85
1691.54
1197.21
1788.22
1585.46
965.36
1703.13
2047.84
1924.20
1584.54
1522.05
902.30
1571.04
1401.80
1573.61
1388.73
920.85
659.23
2218.67
1531.29
744.33
1367.49
1604.96
1131.72
1571.97
1708.17
977.93
866.88
1405.44
1584.89
640.33
602.21
505.52
1666.39
1769.57
1328.32
2096.82
1303.47
1909.10
1663.86
1280.22
1624.81
1896.05
1768.65
1341.48
1429.25
839.66
807.70
1627.86
1523.36
1607.51
1698.93
1088.48
1716.95
2043.16
1667.77
1840.03
1665.60
1620.70
1363.00
2277.78
1696.81
1185.37
924.29
596.70
1736.37
1034.65
1560.74
1803.04
1603.63
1035.23
1409.02
1354.73
1400.22
769.25
1353.88
1620.02
890.30
1670.89
1176.75
1614.27
1333.99
1139.46
1018.02
1595.29
1487.41
1615.15
1616.08
1191.29
1671.57
1372.58
1409.62
1620.68
1657.75
1081.27
1846.90
1691.93
1718.53
525.34
695.44
1856.02
975.24
778.19
1447.47
1168.19
1605.77
1770.97
1395.63
1680.56
1656.42
1527.01
1733.19
1674.67
1386.03
1467.19
1368.16
1625.94
1159.89
1063.09
1651.31
1309.90
1170.68
1608.43
1597.83
1171.07
1646.27
1732.88
705.63
810.78
1984.88
1397.51
1274.45
1611.73
1575.31
1417.23
849.33
1583.78
1477.84
969.44
2082.67
1438.46
1703.66
1435.92
1733.87
1103.43
1647.56
1632.12
1770.31
1984.04
1085.72
682.75
1226.41
1613.18
789.23
877.53
1649.50
1128.08
1832.16
1353.05
1666.20
1768.33
1723.53
1082.07
1416.27
1943.03
1266.33
936.86
677.06
1426.12
1831.81
1682.15
833.38
1406.63
1472.83
1806.70
1438.37
1798.02
2060.63
1705.60
1403.36
1940.15
911.61
1049.65
610.21
1564.02
1571.22
1408.78
1641.14
1513.47
1964.75
1870.53
1755.00
1304.87
1447.08
1558.23
1908.32
1823.69
1797.75
1265.79
927.39
1600.98
1469.60
1085.22
1389.12
1452.63
1773.58
1216.32
1128.14
1394.14
546.55
1561.02
1499.69
1715.21
1333.53
1195.37
1218.32
1429.63
1142.32
524.48
1636.21
928.58
1656.36
1014.04
1958.84
1107.25
1620.06
1748.53
1561.26
1483.01
2120.95
1256.13
1661.80
609.82
1343.95
1932.44
972.14
1327.31
1451.07
1591.48
339.33
1489.87
1502.30
1189.65
1857.83
1934.44
539.22
1577.99
402.32
1579.70
1455.30
1807.74
1517.15
1680.07
1935.51
519.48
334.88
1411.18
1176.28
1249.90
1410.80
899.61
1569.85
863.10
1858.07
1540.07
950.31
764.06
1235.66
1754.51
1718.17
832.64
1509.93
1567.48
1277.25
720.77
862.69
1522.55
1277.21
1075.42
1353.76
901.92
1718.04
735.32
1191.08
1580.48
1703.51
1883.71
1793.37
1307.74
830.24
1773.41
665.91
1416.23
1226.84
1602.47
1304.67
1238.62
1405.22
1399.81
1610.58
1488.54
2016.06
1868.01
1908.27
799.28
1795.39
1194.95
1407.64
1816.34
1531.55
1516.34
985.26
1143.34
1375.29
1780.46
1352.14
1849.61
1844.82
793.70
1561.94
1767.49
1931.66
1038.56
945.70
864.84
1387.50
2396.21
898.42
1779.11
1568.59
1348.34
565.91
1486.23
955.27
1515.43
709.51
1172.63
1162.99
1195.47
1682.67
1933.49
901.22
1523.09
827.13
591.76
1499.29
1215.99
811.82
1488.97
1686.87
1260.51
1639.56
1243.90
1237.47
1696.73
1429.96
1279.03
1271.04
1178.58
553.43
713.06
1698.08
1325.53
1186.12
1124.90
1411.52
1076.99
910.65
1766.99
813.78
1133.45
1310.44
1741.11
1629.91
994.53
1585.10
1796.04
1608.22
1495.59
1909.57
1333.49
1545.41
1950.76
992.00
1712.22
1446.26
1765.69
1397.47
1175.32
1775.50
1354.22
1901.30
2070.01
1810.87
1855.13
1649.61
1365.02
1561.47
1710.76
1437.28
1400.14
919.88
1642.03
2230.34
1822.63
2032.22
1336.36
878.58
1644.94
1458.91
1662.25
1739.31
609.23
1362.33
695.92
1349.41
1848.21
1417.87
1577.50
1079.03
776.75
1524.74
1444.51
1386.21
1441.93
1295.23
2120.27
1614.89
618.78
1423.01
1785.54
1226.35
1424.86
1499.19
1507.32
1237.20
651.33
698.64
1811.74
1041.31
1636.74
1882.64
1678.58
1520.88
1828.03
964.82
1339.12
1376.79
1275.15
1311.49
838.19
1817.87
1698.78
1257.61
393.13
1088.09
1519.76
1640.90
1232.10
1719.94
904.05
622.46
1323.38
1222.53
1855.27
1606.54
1125.59
1953.90
1793.78
1853.28
1423.93
1074.48
736.65
1502.69
1509.47
1831.45
399.32
1828.48
1760.76
1853.06
1435.63
1760.54
1127.52
642.91
1739.41
1784.69
1504.49
1508.23
1303.17
1370.82
1218.66
806.44
1775.23
1160.71
1225.46
1559.16
1037.68
872.97
1430.83
1904.36
1441.69
684.90
1388.78
1010.91
1664.92
1677.61
1208.47
1679.14
1444.69
1561.17
2134.92
1500.33
1107.73
1487.02
2257.03
1175.80
1724.52
1497.80
1138.56
1282.71
1488.50
1007.52
1616.72
796.47
1394.32
1141.27
1296.37
1389.35
891.57
1338.28
1894.47
800.04
2049.07
1190.32
1316.74
973.72
1553.01
1947.81
1395.16
1528.43
1238.48
1142.18
892.85
2034.19
1214.42
1750.88
1674.06
1590.81
1006.37
1586.80
1497.83
1873.49
1180.33
1310.11
1538.99
757.51
1868.53
1630.59
1911.91
1737.39
1683.54
1163.20
1860.99
454.25
1271.47
905.85
1494.71
790.96
1987.99
1302.48
1389.38
1109.15
1822.12
968.74
144.05
969.09
1264.85
2095.52
2317.12
1936.42
1486.42
1678.44
1231.98
1508.30
1002.11
1372.93
1605.23
780.73
878.33
1654.75
1338.98
782.20
1405.67
1611.96
1465.24
1633.99
1662.71
1388.81
1852.35
1841.91
1388.56
1717.79
1519.95
1315.24
789.34
1059.40
689.21
1748.74
1629.01
1722.93
1653.06
1300.36
1319.90
1232.22
833.68
1770.81
1769.26
1505.30
1717.51
1592.43
1354.50
1791.05
975.40
1146.88
885.77
1705.19
1468.76
1150.15
1161.88
1860.61
1788.95
1621.61
1449.85
849.10
1878.81
873.02
1383.56
1564.66
1219.77
1433.42
1351.75
1373.76
1246.52
1002.98
2018.66
1632.62
989.19
1809.58
1346.94
1738.45
684.45
1809.34
1533.96
562.41
1122.07
1359.96
301.02
1408.46
1372.50
1296.53
1846.30
1415.68
1237.09
1811.06
2055.39
594.11
1492.08
812.41
1711.54
1357.00
1142.49
1892.26
1757.51
1542.94
1465.88
1701.38
1962.29
1239.39
1659.41
1355.20
1425.47
1460.25
1772.81
407.07
1010.75
981.33
944.54
1748.60
715.05
1231.60
2063.96
1427.69
1316.45
486.36
1382.31
1145.88
1149.35
1096.40
734.76
1589.82
1597.55
1940.51
1403.29
1693.37
821.29
1534.40
1780.34
1677.64
1550.75
2038.86
1245.83
1490.28
1450.60
1301.44
2204.31
1891.67
1517.62
1102.64
1741.91
808.40
1466.24
819.31
1820.31
1421.99
1386.64
1417.20
1684.34
1896.17
1741.77
400.36
1487.62
1646.09
1305.24
1008.70
1451.01
1531.90
1521.43
899.88
1827.88
1433.64
1540.11
1730.96
1845.53
1623.21
1211.09
1624.13
1662.58
1265.17
533.74
1732.71
1736.65
1369.26
1320.90
1841.34
758.76
450.88
717.96
1828.26
1214.98
